0 2
0.01 2.01005
0.02 2.0202
0.03 2.03045
0.04 2.0408
0.05 2.05125
0.06 2.0618
0.07 2.07245
0.08 2.0832
0.09 2.09405
0.1 2.105
0.11 2.11605
0.12 2.1272
0.13 2.13845
0.14 2.1498
0.15 2.16125
0.16 2.1728
0.17 2.18445
0.18 2.1962
0.19 2.20805
0.2 2.22
0.21 2.23205
0.22 2.2442
0.23 2.25645
0.24 2.2688
0.25 2.28125
0.26 2.2938
0.27 2.30645
0.28 2.3192
0.29 2.33205
0.3 2.345
0.31 2.35805
0.32 2.3712
0.33 2.38445
0.34 2.3978
0.35 2.41125
0.36 2.4248
0.37 2.43845
0.38 2.4522
0.39 2.46605
0.4 2.48
0.41 2.49405
0.42 2.5082
0.43 2.52245
0.44 2.5368
0.45 2.55125
0.46 2.5658
0.47 2.58045
0.48 2.5952
0.49 2.61005
0.5 2.625
0.51 2.64005
0.52 2.6552
0.53 2.67045
0.54 2.6858
0.55 2.70125
0.56 2.7168
0.57 2.73245
0.58 2.7482
0.59 2.76405
0.6 2.78
0.61 2.79605
0.62 2.8122
0.63 2.82845
0.64 2.8448
0.65 2.86125
0.66 2.8778
0.67 2.89445
0.68 2.9112
0.69 2.92805
0.7 2.945
0.71 2.96205
0.72 2.9792
0.73 2.99645
0.74 3.0138
0.75 3.03125
0.76 3.0488
0.77 3.06645
0.78 3.0842
0.79 3.10205
0.8 3.12
0.81 3.13805
0.82 3.1562
0.83 3.17445
0.84 3.1928
0.85 3.21125
0.86 3.2298
0.87 3.24845
0.88 3.2672
0.89 3.28605
0.9 3.305
0.91 3.32405
0.92 3.3432
0.93 3.36245
0.94 3.3818
0.95 3.40125
0.96 3.4208
0.97 3.44045
0.98 3.4602
0.99 3.48005
