0 2
0.01 2.01
0.02 2.0201
0.03 2.0303
0.04 2.0406
0.05 2.051
0.06 2.0615
0.07 2.0721
0.08 2.0828
0.09 2.0936
0.1 2.1045
0.11 2.1155
0.12 2.1266
0.13 2.1378
0.14 2.1491
0.15 2.1605
0.16 2.172
0.17 2.1836
0.18 2.1953
0.19 2.2071
0.2 2.219
0.21 2.231
0.22 2.2431
0.23 2.2553
0.24 2.2676
0.25 2.28
0.26 2.2925
0.27 2.3051
0.28 2.3178
0.29 2.3306
0.3 2.3435
0.31 2.3565
0.32 2.3696
0.33 2.3828
0.34 2.3961
0.35 2.4095
0.36 2.423
0.37 2.4366
0.38 2.4503
0.39 2.4641
0.4 2.478
0.41 2.492
0.42 2.5061
0.43 2.5203
0.44 2.5346
0.45 2.549
0.46 2.5635
0.47 2.5781
0.48 2.5928
0.49 2.6076
0.5 2.6225
0.51 2.6375
0.52 2.6526
0.53 2.6678
0.54 2.6831
0.55 2.6985
0.56 2.714
0.57 2.7296
0.58 2.7453
0.59 2.7611
0.6 2.777
0.61 2.793
0.62 2.8091
0.63 2.8253
0.64 2.8416
0.65 2.858
0.66 2.8745
0.67 2.8911
0.68 2.9078
0.69 2.9246
0.7 2.9415
0.71 2.9585
0.72 2.9756
0.73 2.9928
0.74 3.0101
0.75 3.0275
0.76 3.045
0.77 3.0626
0.78 3.0803
0.79 3.0981
0.8 3.116
0.81 3.134
0.82 3.1521
0.83 3.1703
0.84 3.1886
0.85 3.207
0.86 3.2255
0.87 3.2441
0.88 3.2628
0.89 3.2816
0.9 3.3005
0.91 3.3195
0.92 3.3386
0.93 3.3578
0.94 3.3771
0.95 3.3965
0.96 3.416
0.97 3.4356
0.98 3.4553
0.99 3.4751
